8
0 685069 521665 110683 693937 676239 729267 959395
685069 0 143147 248602 852232 200457 126277 656336
521665 143147 0 354185 347512 241919 627184 432076
110683 248602 354185 0 933603 36543 574717 692354
693937 852232 347512 933603 0 680777 883955 705772
676239 200457 241919 36543 680777 0 790606 518322
729267 126277 627184 574717 883955 790606 0 129711
959395 656336 432076 692354 705772 518322 129711 0