8
0 312221 156601 208712 98209 101350 103241 453493
312221 0 691312 441305 993734 120314 531251 660580
156601 691312 0 15143 287741 199745 962523 94721
208712 441305 15143 0 933575 616625 684084 39323
98209 993734 287741 933575 0 872290 779011 584459
101350 120314 199745 616625 872290 0 687324 406357
103241 531251 962523 684084 779011 687324 0 892428
453493 660580 94721 39323 584459 406357 892428 0