100
0 323758 309360 614970 878340 305115 251862 125148 372422 323780 593417 2528 943903 321021 978771 732504 571949 833420 999611 102418 75928 818698 339897 743238 889566 813797 420853 713104 590046 282286 386501 76990 533484 113684 411629 511831 604989 447347 871096 681038 435650 853250 157098 956669 853041 54142 515460 473813 815833 547804 412447 322104 315751 528415 470148 953960 532208 793126 939577 998907 111421 212469 523991 768027 875455 859791 156983 463739 783968 273594 886111 199982 670620 376232 690139 909550 813178 607632 597169 626003 513209 518091 389920 627602 640309 922112 893751 114647 710489 543746 203207 569253 736697 594205 149263 933974 709390 888440 394160 730120
323758 0 231351 181522 821716 375489 533020 183319 474320 930995 810273 527283 547927 876848 800388 698511 482496 697247 985606 831297 496141 678660 965541 175507 177357 388003 246665 639859 686026 542794 78537 250691 459824 658470 900196 524132 594190 698340 697985 41224 800124 12410 615813 383222 554065 450649 110802 489287 647900 272628 471468 280437 390585 575263 312064 169242 836152 118285 914765 60948 514108 904012 54147 290164 384633 819762 927540 632228 70364 663710 91935 576372 634604 454001 764614 616400 441866 959051 791737 838807 15876 46032 718828 263643 960337 784281 129861 199484 211060 316049 588411 401302 917453 873754 317968 618982 212240 165103 252298 78659
309360 231351 0 247429 75324 914253 887635 308478 730142 487980 558641 599255 139634 983231 402977 641496 498441 192671 960891 810825 405522 137527 647326 393409 258726 358669 937553 312482 876341 259532 355658 648582 192117 682425 684412 127191 81839 19199 74773 669440 906867 602454 330785 537668 994840 964840 743485 203195 802035 311737 53445 236557 628662 555434 83970 861979 837055 153133 963211 192352 454666 357411 796024 844444 823846 629875 762812 810929 157985 526320 409362 247708 848444 969336 476242 789974 852153 500918 262495 812135 375486 265459 308527 95600 716338 867774 369439 976856 54198 527005 210472 962262 642407 241485 980143 147742 472202 839088 545076 98749
614970 181522 247429 0 560731 23131 527204 559257 188720 467072 213290 635838 279966 821338 795767 107306 53906 580714 484701 903360 868565 224371 512338 296116 400947 47650 920615 463124 945018 219416 217204 167800 569536 881147 742308 702614 949185 890568 844484 955177 335586 207669 899297 178734 172910 443661 946436 313433 196300 946007 100413 433970 755764 788369 553417 669711 705848 702430 514538 217893 396756 766393 520761 619032 869486 40753 969716 493634 339877 883655 503697 93535 177998 656177 23810 394292 649024 447686 883431 937207 791382 632445 564198 832025 543503 554138 913549 837648 783494 637791 939203 867631 218126 513845 23395 260539 844852 16689 400036 326655
878340 821716 75324 560731 0 277377 422356 957164 572021 521338 647869 666896 853023 980661 921837 950664 505206 986768 695546 684065 407555 650930 253940 516232 865828 797798 384955 38833 936544 20765 926214 955050 398020 548576 212832 223139 910837 980790 717103 616275 297057 544995 846068 755779 476885 476359 934044 719811 1206 233097 469003 346881 275132 230647 374984 630557 210835 79020 113566 806479 808132 603002 683836 424189 870120 651575 333535 496591 745054 330692 611969 83493 706754 459210 378567 305398 910882 920995 363649 240056 469237 973779 738068 18031 527476 134052 612850 433254 188125 992304 117201 624324 372612 565528 500596 151555 293467 114405 881145 68446
305115 375489 914253 23131 277377 0 613575 30808 778206 759150 586175 429403 563243 486700 91070 733018 991704 469081 627243 756138 533464 292356 738119 249136 910292 236810 443967 848207 786599 436804 624631 723050 983489 214774 57048 447181 826592 256083 629919 433891 328650 544601 787051 731454 118380 857184 645771 597613 96278 785316 662568 417704 889315 177823 60552 704492 747882 162264 393338 848525 544221 521787 571804 530344 192656 682761 204278 894973 548710 81890 598963 802264 294143 371895 554054 430415 106792 260799 610641 82612 576844 348525 773580 419948 891892 224678 270548 513745 192655 544271 433955 21715 238934 458128 952447 227237 216292 972392 348459 862616
251862 533020 887635 527204 422356 613575 0 660844 70360 713805 584289 954561 490082 111701 862420 422576 444879 72814 407013 924444 3966 989910 274195 294247 748505 61440 196438 852262 135447 389842 373479 952492 168692 55114 45529 801304 17847 390270 587056 249009 747346 843518 247901 764886 817785 744387 667323 611426 332466 264051 676099 981624 722480 793391 392295 495255 815932 979259 839182 107018 809728 77723 300450 446850 293071 254660 404088 859240 681150 345866 938688 65778 720578 918308 221833 771012 155251 884315 707676 205462 796361 295127 722300 160945 57903 556429 281691 707081 548946 805982 428616 766992 192047 375120 946883 968802 995139 614761 495925 336883
125148 183319 308478 559257 957164 30808 660844 0 316236 745620 392062 24938 221717 201202 827753 156924 280864 877179 472971 89591 671486 241853 675741 528071 636123 552791 481012 483587 780065 865434 534370 243674 212591 558913 72012 84644 454455 788826 989795 462998 600803 564335 827264 519550 196950 220965 774990 425951 122843 806853 69061 845488 490248 327325 858564 920978 671403 526606 780451 790101 317298 989430 122046 248631 197537 722921 607332 23165 938564 935363 296848 248998 590389 935303 545280 364756 508685 55508 587989 914870 454515 128981 999556 220503 593862 642152 923096 224974 542956 805868 551572 570808 663690 225210 781869 574537 18153 428713 509849 794267
372422 474320 730142 188720 572021 778206 70360 316236 0 316566 629953 291331 43880 105926 941721 482401 380395 571809 382439 550771 193815 198215 957678 543408 417846 845985 216765 260070 863088 392943 831595 719725 212215 699888 152659 388223 925883 715787 450225 700898 55078 865977 568656 516613 512022 998985 676644 597370 467509 600584 889075 914161 687559 367573 533999 420788 535515 268251 902146 60083 460743 236444 972550 127382 509090 297095 482521 622295 997857 769224 426697 144294 330543 318968 489903 985035 458214 604767 31083 498511 629467 723264 861490 237432 169173 738839 457634 314469 773319 814125 202983 762850 405467 105933 694286 305847 613783 34526 456809 927219
323780 930995 487980 467072 521338 759150 713805 745620 316566 0 382801 253647 435100 888646 446529 931489 213889 765255 701401 147677 163977 969824 610780 228366 529951 416845 143714 276857 844298 11332 941114 45951 201263 978095 729658 41461 302114 152300 540528 824900 358267 362528 143641 696971 75674 146209 551881 83066 45819 965930 964309 143460 265654 239693 218377 17700 158901 460080 87365 85782 710412 290823 606196 629706 370744 709819 771949 785429 768769 467263 763682 16786 485132 810593 857428 139789 564398 534002 925689 364268 296199 45950 129024 589730 533406 988083 347457 278535 403778 119657 674164 77176 281315 641515 394681 364758 890162 39017 680855 812622
593417 810273 558641 213290 647869 586175 584289 392062 629953 382801 0 794632 442916 416154 465120 143501 730297 147566 665647 873083 689731 479312 666971 638658 591949 30877 664465 354116 933298 417346 369071 76401 776444 162357 564154 101390 647697 986714 81996 577666 383061 79940 657255 814151 797146 233290 524109 544777 652989 883308 204717 632836 578711 277138 13922 324454 550207 926361 49014 908362 198352 248180 957360 834234 855598 235730 299985 138740 309221 875139 592775 532460 191168 933393 934977 783510 265926 909149 737682 335146 405204 930973 637827 969395 392195 529405 264300 272920 772337 89429 113638 66065 980164 759699 712557 759234 883001 160515 542543 285535
2528 527283 599255 635838 666896 429403 954561 24938 291331 253647 794632 0 937884 865348 172988 63424 392189 921791 327822 224861 826912 20448 39471 788797 43888 501809 911625 465270 669626 736547 473298 196096 763016 658768 681587 426566 391729 661182 859 240783 381066 200684 600717 483770 861078 71328 471649 552980 726180 329329 300751 755225 440893 232528 45874 4612 29195 911500 906840 952131 388145 510567 803228 906738 741793 25852 434498 745454 224634 65732 307469 939723 214673 279909 522380 798184 663059 530684 982084 528713 840695 277179 563536 185515 853553 423879 371458 630220 477695 219025 697564 765083 6342 41114 257225 512412 377386 219537 32738 532070
943903 547927 139634 279966 853023 563243 490082 221717 43880 435100 442916 937884 0 649870 281569 808576 627710 115374 676084 467753 264663 413661 933013 392194 858077 137558 998719 344891 835418 92942 408704 609266 246908 840329 311423 31302 596025 674950 800743 285173 582374 377073 863400 649083 152561 698037 717239 11916 862847 188359 908151 603596 390240 481699 480420 835503 925224 668548 171612 658661 569714 710151 734911 450416 151219 876962 13936 528548 951301 427169 393312 375987 504929 800031 751317 676834 391066 281105 113364 876134 394460 632857 943667 821059 511122 105978 428983 124757 77662 525181 856424 238925 783316 940654 729114 259488 662478 598848 951927 690323
321021 876848 983231 821338 980661 486700 111701 201202 105926 888646 416154 865348 649870 0 183297 479975 916704 231852 574334 308402 923056 549337 427584 680594 183443 811404 506309 581277 8697 452471 277854 201086 469979 195818 71403 397406 812140 898940 785172 982119 990667 953241 497129 216762 324233 137531 225912 114497 222540 708697 490224 573246 718726 353182 106650 187807 931948 286350 97721 441497 29477 560517 477191 865536 232751 821956 951598 292344 41247 134390 623983 599222 398571 877044 841351 908362 592550 33043 597570 384568 854493 946614 582718 567109 262624 419203 515116 103984 724119 61760 48886 535544 515374 660807 104482 650986 249225 936719 77004 804932
978771 800388 402977 795767 921837 91070 862420 827753 941721 446529 465120 172988 281569 183297 0 543838 928181 703023 15124 491771 27117 670557 650402 214629 601764 304134 301684 638127 935127 68986 882888 907231 546574 120333 309164 540979 39721 37868 995282 52640 798476 880660 348783 84725 431751 272579 593084 77086 78587 365483 74116 669288 808325 336893 661785 968505 133590 625869 984730 431982 177714 272920 755488 682202 132594 676303 304461 820881 16822 704853 580532 839260 29440 895149 606479 893498 735888 575010 310606 995471 399960 273738 468133 537191 648065 397492 138531 741504 183016 174996 820591 247211 241642 735060 664603 921376 399384 577882 801464 425542
732504 698511 641496 107306 950664 733018 422576 156924 482401 931489 143501 63424 808576 479975 543838 0 348952 177779 878912 558918 696604 558043 139680 23479 815451 885472 853174 933000 161996 349424 256083 774529 921463 119240 85234 800841 569124 27574 507175 445736 377884 820890 313674 163108 682370 620427 339738 612816 944832 560752 435766 148834 890627 904814 379061 895652 984387 657003 736955 135954 340481 801503 705512 898279 665753 818252 257648 10579 373759 998911 39684 293084 103535 897243 422540 509563 469002 276820 359957 682091 480255 533809 644005 420830 873031 189473 646560 753129 837773 147810 535948 957738 696032 360013 976394 865833 870111 191893 636480 164578
571949 482496 498441 53906 505206 991704 444879 280864 380395 213889 730297 392189 627710 916704 928181 348952 0 490353 550282 448800 613213 175217 617912 687758 11277 420005 436399 654259 288021 116594 452449 582163 443727 562654 734544 321689 879518 724271 916460 102418 518268 935596 980340 678864 777064 248659 758460 660413 755948 888257 310901 572349 323720 16204 949815 931653 649252 505990 601899 156709 999398 223054 860938 188938 606300 794093 545416 794633 839371 280920 97317 363792 684102 654031 633565 367155 419384 513962 90212 419057 769132 836727 491757 565612 786068 843861 891444 430840 831760 545720 394540 203369 713660 324130 869162 389926 30115 925442 405505 271742
833420 697247 192671 580714 986768 469081 72814 877179 571809 765255 147566 921791 115374 231852 703023 177779 490353 0 943422 549565 89930 823400 512135 464092 317150 525751 432822 551616 703855 939111 241994 620651 479157 247746 668371 437372 350724 876298 202837 753480 850935 836306 626412 765035 98520 862154 461331 668744 941883 986890 609997 28404 162660 512155 30174 503760 307325 708332 491671 785394 794312 177741 42235 336990 392449 788290 505997 139822 808677 778445 199256 867762 395712 973316 515520 222150 688278 776201 758573 93453 907517 472793 523354 960328 496250 972471 477560 321317 332239 734268 319958 655642 324887 933923 447612 852148 212488 479365 209154 807731
999611 985606 960891 484701 695546 627243 407013 472971 382439 701401 665647 327822 676084 574334 15124 878912 550282 943422 0 586494 150130 359561 362323 535871 873164 736767 483089 770475 670881 528208 962292 483570 336764 862856 989693 103188 769912 804715 221378 574537 124400 311458 757176 720932 165232 20874 849405 465488 816173 836636 41317 949156 631553 972026 48237 464743 727322 449871 38144 477400 769449 13793 167035 336599 703865 366128 574618 703631 366016 863029 756740 237147 651901 243513 788138 582582 882609 630578 868883 117601 152935 442891 728356 424989 999913 180209 938770 195153 863855 178209 128748 579904 682021 515063 103457 203162 534291 862279 708316 375222
102418 831297 810825 903360 684065 756138 924444 89591 550771 147677 873083 224861 467753 308402 491771 558918 448800 549565 586494 0 407107 516863 765659 153549 384309 537541 918938 802277 607885 54417 172050 552446 376522 974319 525818 372914 594347 416376 703778 407908 679867 188645 737253 94269 952504 210278 352939 116701 927402 304756 83347 605380 693117 721598 390922 461921 967432 781000 443572 974957 72993 195160 108531 789050 617676 708538 489569 154381 692416 511581 622389 48113 372292 978067 718523 98477 58017 798876 672284 134517 760015 58975 816500 144022 923942 668897 847087 813670 216001 209834 578997 203244 177855 289511 617512 13922 438179 554957 231196 89897
75928 496141 405522 868565 407555 533464 3966 671486 193815 163977 689731 826912 264663 923056 27117 696604 613213 89930 150130 407107 0 467625 760775 877361 73909 495397 945006 643963 511560 704026 575403 429684 974793 873489 653000 621688 105698 270988 152243 333114 2505 881852 617823 596190 816428 430376 67933 215244 779115 355350 999732 346641 84370 530832 607556 246156 630845 570266 216128 114106 536890 609458 843300 153582 876203 7881 220428 253662 644578 152899 868395 115530 977935 818643 333079 34196 402720 881865 697192 732060 210093 80145 387553 709780 727099 417665 418399 130331 639352 39149 513985 950249 723102 30865 524809 70957 92513 598328 108040 347427
818698 678660 137527 224371 650930 292356 989910 241853 198215 969824 479312 20448 413661 549337 670557 558043 175217 823400 359561 516863 467625 0 61731 226923 794646 957513 932773 890836 385352 508824 853796 227207 38580 667832 29713 472887 153482 641037 343339 457346 591201 801414 428312 176163 557783 852044 520769 814956 433980 629792 418568 983229 460123 23314 640592 781328 26993 586926 313708 489415 451710 502178 24407 22025 161632 656908 343429 542148 593406 968119 113716 569676 893686 615109 554635 821948 904731 508507 50391 798337 365221 311624 738252 31775 351666 743071 581913 546057 838144 714649 948662 584073 633630 998456 313749 519754 879685 597537 320597 505021
339897 965541 647326 512338 253940 738119 274195 675741 957678 610780 666971 39471 933013 427584 650402 139680 617912 512135 362323 765659 760775 61731 0 87640 741683 500843 536906 350628 722252 686057 505252 190526 851308 510588 708811 517406 139732 537200 224114 278280 828040 235425 123328 186986 139694 188397 496995 28583 671212 476340 738767 650327 688033 447087 592704 615813 311107 343747 700423 918895 781677 954290 572575 17317 599047 852447 530786 100467 930232 306059 408390 400134 18023 230228 450096 211104 122182 424047 742044 590275 596937 674331 594917 262173 462483 68090 48978 366033 334525 414143 574380 95417 38993 439281 624562 11338 266989 194021 11108 741187
743238 175507 393409 296116 516232 249136 294247 528071 543408 228366 638658 788797 392194 680594 214629 23479 687758 464092 535871 153549 877361 226923 87640 0 941646 23124 813140 980415 393595 553771 792622 829466 370357 429220 364834 988423 312171 193555 83711 266982 601919 207858 684569 142707 947646 508858 464222 71892 818879 975305 567218 66069 53500 452064 410125 891468 3411 126810 768864 832468 103506 955602 651992 865131 846086 860883 71204 278589 867007 724074 436196 676033 747370 862305 613958 821066 108633 795093 908493 231475 979657 425110 980868 42194 293597 51177 334417 736513 358970 924027 155901 429023 221754 580041 856539 726935 501284 249520 217058 344003
889566 177357 258726 400947 865828 910292 748505 636123 417846 529951 591949 43888 858077 183443 601764 815451 11277 317150 873164 384309 73909 794646 741683 941646 0 557360 199848 647863 458678 266445 515467 393347 33210 992203 817283 161493 204518 509858 123713 550149 598854 892175 227111 566674 515174 834743 58196 77178 701357 586595 256484 487235 351568 861004 734899 674407 8947 462678 88965 942282 727153 465176 148133 827591 37373 520433 951154 218136 891325 248487 534490 915175 380727 729313 222751 509162 336093 356702 663237 805319 148302 931382 846280 526978 870775 693667 395135 663290 707388 846784 498200 335384 673110 59295 114715 381905 841424 470643 405824 22637
813797 388003 358669 47650 797798 236810 61440 552791 845985 416845 30877 501809 137558 811404 304134 885472 420005 525751 736767 537541 495397 957513 500843 23124 557360 0 522080 227978 713222 784844 572686 871784 962193 292474 317942 654604 113583 821940 403192 13432 966545 913960 198776 319955 697627 515701 9623 203340 394775 286758 474013 319497 968543 650240 272618 309244 513343 204521 466685 188776 27998 473467 5073 963537 234589 786897 227251 547792 841222 296662 294072 569661 734587 849774 14546 150219 257946 601399 42395 6537 111828 740534 492022 622905 830867 106059 817329 549348 144451 888125 304721 483066 876926 358629 533654 527335 393322 120382 307593 184182
420853 246665 937553 920615 384955 443967 196438 481012 216765 143714 664465 911625 998719 506309 301684 853174 436399 432822 483089 918938 945006 932773 536906 813140 199848 522080 0 456631 762113 387650 59976 748328 611076 443765 480308 195114 2554 891208 486608 35161 244440 879796 43932 205990 697090 603886 216939 457071 965412 425889 995057 372731 427147 668774 224602 310850 792980 178767 751910 759247 457123 41044 32007 566710 984866 753268 922271 437504 631980 124321 504855 216070 665688 291888 647617 53732 51194 449897 570880 138410 529659 741407 990457 51293 821814 201353 944687 484148 3184 989016 369962 332654 713610 367643 866634 121728 962463 743809 974957 764789
713104 639859 312482 463124 38833 848207 852262 483587 260070 276857 354116 465270 344891 581277 638127 933000 654259 551616 770475 802277 643963 890836 350628 980415 647863 227978 456631 0 418445 399406 514892 71478 552621 153905 178665 964825 289006 278169 651398 84828 641563 429499 261133 692356 148739 35418 349862 538088 459539 398832 194540 734720 980640 158645 192446 210327 832584 306100 30700 722554 929404 681217 174099 701851 462616 183950 7671 403564 874046 71540 789710 526034 189251 370307 942421 606894 495661 663972 103747 368765 377017 232422 753289 424964 488643 875625 827962 34679 238160 944246 898246 504687 336666 445519 848695 766955 143368 899328 691325 20640
590046 686026 876341 945018 936544 786599 135447 780065 863088 844298 933298 669626 835418 8697 935127 161996 288021 703855 670881 607885 511560 385352 722252 393595 458678 713222 762113 418445 0 622010 575093 606980 990532 363067 758751 279458 61907 976647 515150 503190 838730 783056 36033 188569 767651 824097 627895 546804 207749 918867 977583 427464 341645 196641 414686 44506 988528 925190 555267 109418 605637 364600 222596 349870 645802 685801 422119 938820 665359 638664 580440 397600 652582 534418 726248 246747 763502 230803 778551 339881 743225 985871 106205 257569 811817 977010 96041 468850 808240 598989 293724 715402 15926 948031 787647 448974 543334 790457 723588 677656
282286 542794 259532 219416 20765 436804 389842 865434 392943 11332 417346 736547 92942 452471 68986 349424 116594 939111 528208 54417 704026 508824 686057 553771 266445 784844 387650 399406 622010 0 775242 912804 531472 905482 492284 899297 951077 287744 940749 728688 608506 495206 572068 597829 972764 176092 686085 711579 554968 347762 348109 206210 335603 89676 896640 341383 506250 870531 393203 15513 378831 186782 839372 824911 146035 290988 775406 650043 2778 32953 198665 166563 604120 730322 489450 791915 461899 288475 961858 497264 250648 108917 741917 226055 376679 330569 464565 49259 224147 865303 629712 672190 183833 451791 843790 181429 96749 598421 960063 540049
386501 78537 355658 217204 926214 624631 373479 534370 831595 941114 369071 473298 408704 277854 882888 256083 452449 241994 962292 172050 575403 853796 505252 792622 515467 572686 59976 514892 575093 775242 0 226942 637993 773415 329722 111639 619454 594388 559682 35763 791080 509996 668831 249187 697922 31759 882753 187208 762831 528298 873141 324356 40150 297570 719019 721959 66291 242204 711607 757092 136016 563509 516196 939216 956680 925780 44294 191146 385280 861720 821797 995204 760725 453616 393676 304714 119984 990496 643300 331160 118355 613030 21326 179037 765613 785151 640162 26454 807457 242364 248864 283234 19570 583170 652689 990750 611656 139423 61716 653586
76990 250691 648582 167800 955050 723050 952492 243674 719725 45951 76401 196096 609266 201086 907231 774529 582163 620651 483570 552446 429684 227207 190526 829466 393347 871784 748328 71478 606980 912804 226942 0 704824 300880 655152 919809 965197 801860 899635 182577 942421 536332 711213 343110 953692 740598 468200 713477 643197 888951 69840 393502 309360 467511 767150 643179 80239 42054 955494 96768 987857 59565 606097 526863 94842 889943 142604 767855 502994 146981 846958 291019 896703 427507 51483 673420 300621 209321 535240 96564 386576 282918 321948 14700 912683 414995 798820 336546 57725 577814 334799 583562 482751 278553 536622 35569 671254 956890 60887 391486
533484 459824 192117 569536 398020 983489 168692 212591 212215 201263 776444 763016 246908 469979 546574 921463 443727 479157 336764 376522 974793 38580 851308 370357 33210 962193 611076 552621 990532 531472 637993 704824 0 203320 572745 974463 806440 214244 32696 375629 955670 551218 24120 414937 142453 560582 119878 901130 432242 438476 802372 688384 628874 428034 930461 844420 776439 453961 775857 441471 624594 21456 827178 999163 787388 659960 928576 679133 489488 311429 794919 818273 892688 416712 124427 648322 227932 484519 245848 778170 6264 379958 844358 363288 412894 166112 60046 609414 41854 796408 970563 16649 790037 504680 810484 415750 925133 638360 892409 252816
113684 658470 682425 881147 548576 214774 55114 558913 699888 978095 162357 658768 840329 195818 120333 119240 562654 247746 862856 974319 873489 667832 510588 429220 992203 292474 443765 153905 363067 905482 773415 300880 203320 0 885892 99356 451049 478355 471809 896203 431346 966858 893809 786786 316140 595267 954418 401857 545801 199474 942889 44101 502060 983798 947312 996705 224896 452596 404345 648159 778075 577738 460152 536550 279713 342451 5120 158453 670908 62986 674882 535023 178133 234496 234919 11071 806432 133123 512250 295585 543801 170940 953829 239767 143290 991498 435726 815366 458029 743265 444444 117406 521759 559696 827222 961686 26209 801794 301363 337005
411629 900196 684412 742308 212832 57048 45529 72012 152659 729658 564154 681587 311423 71403 309164 85234 734544 668371 989693 525818 653000 29713 708811 364834 817283 317942 480308 178665 758751 492284 329722 655152 572745 885892 0 614529 947979 545392 863593 568629 633158 915112 112696 589506 871671 243899 364541 788761 531192 524494 199491 820471 218112 580116 738998 6538 317907 806327 640261 796258 149801 433675 746758 351174 193623 162326 537954 93403 212587 94402 236709 137564 334000 566630 30851 963936 369450 804751 669898 745195 731124 230348 186013 651904 63622 330518 996099 202528 998907 505094 933895 370268 127426 62641 775913 29018 117723 803514 948342 703494
511831 524132 127191 702614 223139 447181 801304 84644 388223 41461 101390 426566 31302 397406 540979 800841 321689 437372 103188 372914 621688 472887 517406 988423 161493 654604 195114 964825 279458 899297 111639 919809 974463 99356 614529 0 934983 390976 688416 207706 237848 536215 742718 643922 797137 351738 871629 359377 170838 278638 229927 815314 511245 676430 174946 635224 759279 239112 171135 539185 765461 590005 73816 581501 637064 794698 457736 898225 783847 58267 264904 48623 832677 19211 658454 686405 23547 345325 856789 830084 402823 515574 450749 447793 910791 289497 381681 765155 999705 610658 658153 539891 818120 888752 21921 819173 535883 578027 858348 632171
604989 594190 81839 949185 910837 826592 17847 454455 925883 302114 647697 391729 596025 812140 39721 569124 879518 350724 769912 594347 105698 153482 139732 312171 204518 113583 2554 289006 61907 951077 619454 965197 806440 451049 947979 934983 0 836385 870751 511019 316685 149039 530030 319852 102354 511145 486620 292607 954882 567612 639441 796541 47439 697091 740922 320088 669796 977584 87483 124639 70038 648770 383088 906451 650024 410505 658810 649125 566049 978258 386639 724603 9857 538946 404433 461366 167687 483260 186003 422573 457394 395164 946077 182625 214974 73486 664358 885061 170294 538931 203888 623636 749469 730384 594983 14831 979925 928412 881687 56803
447347 698340 19199 890568 980790 256083 390270 788826 715787 152300 986714 661182 674950 898940 37868 27574 724271 876298 804715 416376 270988 641037 537200 193555 509858 821940 891208 278169 976647 287744 594388 801860 214244 478355 545392 390976 836385 0 587526 750537 727457 85461 178250 220143 879083 950924 633569 642244 419383 969063 593618 739425 453277 912731 691563 765681 30656 295585 116151 449548 775620 874010 130892 131793 861623 411505 355738 227585 250594 888723 406076 147621 747375 517713 862974 453705 748383 326202 857801 324455 992750 870804 698292 334178 192153 25507 17723 712912 227977 655700 806528 355665 775641 709858 244704 776522 644374 465298 846395 918897
871096 697985 74773 844484 717103 629919 587056 989795 450225 540528 81996 859 800743 785172 995282 507175 916460 202837 221378 703778 152243 343339 224114 83711 123713 403192 486608 651398 515150 940749 559682 899635 32696 471809 863593 688416 870751 587526 0 362721 939552 745233 285574 293248 872866 771301 724101 406993 100386 42923 774813 88879 726154 351089 341222 439319 661390 767504 748772 285727 38873 998006 262269 836351 73065 647169 307599 855990 769259 437181 324523 51757 884017 97566 540482 735319 549666 606059 623363 18648 191550 233418 928750 31129 162052 436770 834731 659942 682671 931222 270958 685792 950490 528086 44922 894479 464980 109635 149109 171873
681038 41224 669440 955177 616275 433891 249009 462998 700898 824900 577666 240783 285173 982119 52640 445736 102418 753480 574537 407908 333114 457346 278280 266982 550149 13432 35161 84828 503190 728688 35763 182577 375629 896203 568629 207706 511019 750537 362721 0 868231 828009 26482 999856 623451 820574 682472 352601 199788 759733 141611 952093 868396 361570 581169 938167 522911 342707 118201 98118 431190 417383 364180 450688 909505 870337 484524 671572 624917 556800 34975 262706 850569 434258 442307 330618 42476 445883 836664 568994 585966 10682 651084 424739 6554 410939 340122 540465 909118 820844 76087 291905 938864 390851 852308 168547 860922 793774 267294 21167
435650 800124 906867 335586 297057 328650 747346 600803 55078 358267 383061 381066 582374 990667 798476 377884 518268 850935 124400 679867 2505 591201 828040 601919 598854 966545 244440 641563 838730 608506 791080 942421 955670 431346 633158 237848 316685 727457 939552 868231 0 843319 274274 485959 572642 913576 176259 174712 435551 530686 245568 981826 8511 513526 759014 70541 941548 581302 932135 181165 774512 225554 824927 459367 548398 370672 446776 580010 774924 886983 544976 756526 547246 226747 57804 952722 865653 46747 2395 604806 197022 999367 229059 199006 443755 628155 758549 586556 960391 300194 226557 809291 518728 139428 489139 735760 626207 388714 81323 183442
853250 12410 602454 207669 544995 544601 843518 564335 865977 362528 79940 200684 377073 953241 880660 820890 935596 836306 311458 188645 881852 801414 235425 207858 892175 913960 879796 429499 783056 495206 509996 536332 551218 966858 915112 536215 149039 85461 745233 828009 843319 0 165963 169274 335404 882594 756538 112001 679652 414779 367247 645404 585953 952694 87460 508579 411685 494465 721887 130484 213881 379903 214627 784967 496886 80446 970786 653845 934786 892611 280631 501546 773931 108473 140878 367019 397824 434430 66667 673216 968064 391818 103768 532364 233655 391218 551713 273572 38745 737776 42016 704422 784660 517100 213067 601908 342594 271733 24349 578564
157098 615813 330785 899297 846068 787051 247901 827264 568656 143641 657255 600717 863400 497129 348783 313674 980340 626412 757176 737253 617823 428312 123328 684569 227111 198776 43932 261133 36033 572068 668831 711213 24120 893809 112696 742718 530030 178250 285574 26482 274274 165963 0 854969 141275 287984 422056 618704 600868 454379 792854 908235 420649 390822 41231 382914 698763 834999 364587 523188 530677 760934 56568 828794 724269 720390 376648 951938 231867 18636 436227 324306 622678 849047 112270 292404 740578 158195 397281 951389 447913 992655 504079 191189 361227 570777 811349 247851 142974 591229 101517 362866 89821 344350 884805 887922 990662 920846 515246 285644
956669 383222 537668 178734 755779 731454 764886 519550 516613 696971 814151 483770 649083 216762 84725 163108 678864 765035 720932 94269 596190 176163 186986 142707 566674 319955 205990 692356 188569 597829 249187 343110 414937 786786 589506 643922 319852 220143 293248 999856 485959 169274 854969 0 93040 132545 585861 497229 749427 191629 102365 993313 564192 755388 683437 96075 238858 831999 991030 830735 348464 313747 828523 908422 750362 317520 16590 784716 863833 995253 199201 878140 681440 596132 628158 576282 565517 32262 405461 841733 855739 959537 337476 434072 190711 880256 9532 802231 581659 872188 733869 427032 446353 374655 528172 76296 560038 884561 709482 651143
853041 554065 994840 172910 476885 118380 817785 196950 512022 75674 797146 861078 152561 324233 431751 682370 777064 98520 165232 952504 816428 557783 139694 947646 515174 697627 697090 148739 767651 972764 697922 953692 142453 316140 871671 797137 102354 879083 872866 623451 572642 335404 141275 93040 0 754349 50751 321767 110797 870493 87327 703527 97897 973606 910076 798803 149956 459803 442711 780511 504274 322701 572889 376964 55672 414932 789919 968794 931084 512246 928788 164307 899267 465107 368739 912390 567790 566481 274482 590108 349865 561889 331696 5578 845160 252822 257825 249314 924988 342155 406363 384835 200982 323304 127780 538612 546294 126583 453579 808022
54142 450649 964840 443661 476359 857184 744387 220965 998985 146209 233290 71328 698037 137531 272579 620427 248659 862154 20874 210278 430376 852044 188397 508858 834743 515701 603886 35418 824097 176092 31759 740598 560582 595267 243899 351738 511145 950924 771301 820574 913576 882594 287984 132545 754349 0 637703 223428 960271 630319 959033 558504 368883 271409 518001 997612 730579 721777 463381 758702 334628 564257 132675 618358 585819 545147 538884 262222 418233 586458 56446 602802 809112 780649 446574 63557 263501 452962 283635 569668 441899 331604 983436 597780 934484 655539 47548 880047 802605 230679 626794 967274 603019 587061 835027 746495 154054 7392 485653 62720
515460 110802 743485 946436 934044 645771 667323 774990 676644 551881 524109 471649 717239 225912 593084 339738 758460 461331 849405 352939 67933 520769 496995 464222 58196 9623 216939 349862 627895 686085 882753 468200 119878 954418 364541 871629 486620 633569 724101 682472 176259 756538 422056 585861 50751 637703 0 848765 774721 103465 784924 600353 187325 4779 903747 479247 361675 427031 243720 90960 338090 92026 84147 38142 563381 537329 622442 691505 781356 579688 350771 58871 235895 553740 786014 71047 725589 380427 419016 390476 187722 544011 930505 125072 372757 124580 685712 857504 64056 51045 237876 269512 402988 472319 302791 274311 829232 748630 226065 320148
473813 489287 203195 313433 719811 597613 611426 425951 597370 83066 544777 552980 11916 114497 77086 612816 660413 668744 465488 116701 215244 814956 28583 71892 77178 203340 457071 538088 546804 711579 187208 713477 901130 401857 788761 359377 292607 642244 406993 352601 174712 112001 618704 497229 321767 223428 848765 0 843616 263983 896340 338965 945199 210016 12703 731013 573691 718457 303637 126396 898215 659264 765518 783938 861847 69695 976514 307343 51909 779277 362795 934007 274566 254213 624239 725655 880524 550295 241801 934900 242074 569900 682834 67570 614595 157119 711779 463575 327084 574040 384943 825265 129271 692999 198458 621260 331361 639418 427385 133023
815833 647900 802035 196300 1206 96278 332466 122843 467509 45819 652989 726180 862847 222540 78587 944832 755948 941883 816173 927402 779115 433980 671212 818879 701357 394775 965412 459539 207749 554968 762831 643197 432242 545801 531192 170838 954882 419383 100386 199788 435551 679652 600868 749427 110797 960271 774721 843616 0 217045 328769 593800 444795 581947 994728 666124 263392 251461 702990 127431 258861 45155 877865 377842 524252 471103 604509 490208 248555 63356 493329 486415 42829 740542 272019 192322 473437 237659 825572 630374 405407 578169 737886 715028 864297 57085 83761 530594 212953 359382 105653 714114 462839 758836 401221 115343 56090 41831 322406 272565
547804 272628 311737 946007 233097 785316 264051 806853 600584 965930 883308 329329 188359 708697 365483 560752 888257 986890 836636 304756 355350 629792 476340 975305 586595 286758 425889 398832 918867 347762 528298 888951 438476 199474 524494 278638 567612 969063 42923 759733 530686 414779 454379 191629 870493 630319 103465 263983 217045 0 312862 522347 861859 782292 801340 944901 337436 405717 455332 517345 117796 189691 976318 493515 159809 697438 611356 821465 404085 449915 97153 764087 80746 540411 591279 782915 908431 739704 183497 249096 234760 175114 975042 266378 554117 495610 557476 533948 748993 564248 878002 790013 817899 749881 641730 336136 882447 60317 994898 629709
412447 471468 53445 100413 469003 662568 676099 69061 889075 964309 204717 300751 908151 490224 74116 435766 310901 609997 41317 83347 999732 418568 738767 567218 256484 474013 995057 194540 977583 348109 873141 69840 802372 942889 199491 229927 639441 593618 774813 141611 245568 367247 792854 102365 87327 959033 784924 896340 328769 312862 0 899722 724909 986489 307866 63326 402676 506618 61679 431948 628828 63349 251629 971411 922790 869219 783794 323562 972065 208801 830983 416616 949835 983476 741867 633346 787781 388403 363562 885184 192985 489518 490899 689783 599469 521663 466008 675285 249300 96261 902382 187821 941214 485164 908804 178221 885522 289994 990203 213038
322104 280437 236557 433970 346881 417704 981624 845488 914161 143460 632836 755225 603596 573246 669288 148834 572349 28404 949156 605380 346641 983229 650327 66069 487235 319497 372731 734720 427464 206210 324356 393502 688384 44101 820471 815314 796541 739425 88879 952093 981826 645404 908235 993313 703527 558504 600353 338965 593800 522347 899722 0 728056 348691 826120 795797 201901 201564 213972 509351 694278 562435 553577 577455 460576 379678 343248 930091 389850 953889 190794 640399 55087 892303 443491 305969 604771 203327 665100 561650 666831 371471 202032 888358 160262 368906 189400 684210 829471 658017 928171 28295 918045 90347 342269 397565 514852 963091 747253 503872
315751 390585 628662 755764 275132 889315 722480 490248 687559 265654 578711 440893 390240 718726 808325 890627 323720 162660 631553 693117 84370 460123 688033 53500 351568 968543 427147 980640 341645 335603 40150 309360 628874 502060 218112 511245 47439 453277 726154 868396 8511 585953 420649 564192 97897 368883 187325 945199 444795 861859 724909 728056 0 193089 414996 620301 184087 551160 563318 971735 854761 681506 719309 218194 479175 989191 825022 365863 313409 418599 638411 752187 14678 620446 902868 947911 132742 385579 940172 711966 491197 155098 95042 299063 497615 699024 829885 938502 926656 413480 901820 558033 743841 228359 866811 176252 143272 304703 356662 157133
528415 575263 555434 788369 230647 177823 793391 327325 367573 239693 277138 232528 481699 353182 336893 904814 16204 512155 972026 721598 530832 23314 447087 452064 861004 650240 668774 158645 196641 89676 297570 467511 428034 983798 580116 676430 697091 912731 351089 361570 513526 952694 390822 755388 973606 271409 4779 210016 581947 782292 986489 348691 193089 0 909745 597065 445269 301075 807410 190315 610124 445121 733213 853431 424646 477152 936833 993963 955919 846868 295655 703998 116004 716808 811713 391479 534092 831070 26275 548047 324123 905921 61338 527343 738579 628558 213743 227576 332581 404834 565464 411749 688236 436813 984165 871615 825655 69105 56688 967414
470148 312064 83970 553417 374984 60552 392295 858564 533999 218377 13922 45874 480420 106650 661785 379061 949815 30174 48237 390922 607556 640592 592704 410125 734899 272618 224602 192446 414686 896640 719019 767150 930461 947312 738998 174946 740922 691563 341222 581169 759014 87460 41231 683437 910076 518001 903747 12703 994728 801340 307866 826120 414996 909745 0 479007 174041 104908 879112 280974 113970 101391 216315 548595 902298 325162 551712 506086 567121 154936 721003 596079 238040 951965 517358 305821 636625 15964 42355 10197 288214 401463 970869 215602 427305 113032 183551 180875 263320 832512 973796 775907 831777 422397 921369 907065 293876 334929 333889 146600
953960 169242 861979 669711 630557 704492 495255 920978 420788 17700 324454 4612 835503 187807 968505 895652 931653 503760 464743 461921 246156 781328 615813 891468 674407 309244 310850 210327 44506 341383 721959 643179 844420 996705 6538 635224 320088 765681 439319 938167 70541 508579 382914 96075 798803 997612 479247 731013 666124 944901 63326 795797 620301 597065 479007 0 447909 412020 317617 597794 144782 517677 333702 742029 158068 625537 253530 774710 967031 846940 756985 104421 624562 19299 24493 838586 270249 73898 14453 400596 278177 29740 850099 211669 224107 115191 882668 46472 371033 450363 205931 696264 700266 348296 377106 792566 970618 139916 394338 967381
532208 836152 837055 705848 210835 747882 815932 671403 535515 158901 550207 29195 925224 931948 133590 984387 649252 307325 727322 967432 630845 26993 311107 3411 8947 513343 792980 832584 988528 506250 66291 80239 776439 224896 317907 759279 669796 30656 661390 522911 941548 411685 698763 238858 149956 730579 361675 573691 263392 337436 402676 201901 184087 445269 174041 447909 0 476404 164871 176606 772187 624043 825633 544340 348306 345375 359758 229476 939601 636978 152805 849366 783325 992391 595298 624036 61258 5823 474857 851392 559879 36992 144198 138854 425265 487593 926837 204369 400663 460391 704582 496160 262738 459643 491781 219680 209576 879865 298328 682574
793126 118285 153133 702430 79020 162264 979259 526606 268251 460080 926361 911500 668548 286350 625869 657003 505990 708332 449871 781000 570266 586926 343747 126810 462678 204521 178767 306100 925190 870531 242204 42054 453961 452596 806327 239112 977584 295585 767504 342707 581302 494465 834999 831999 459803 721777 427031 718457 251461 405717 506618 201564 551160 301075 104908 412020 476404 0 72640 954291 46909 803767 790726 453167 43564 22921 959474 181084 29553 642938 568835 245808 563130 264684 670676 92893 288131 761557 737009 147487 583191 680006 297549 92607 531350 338881 111313 745358 750590 509211 27867 780798 174247 680662 953827 301332 643378 418829 479646 118143
