8
0 285769 149006 890925 293805 694083 674023 855504
285769 0 619863 315668 176210 117445 672559 921839
149006 619863 0 736697 966942 679315 89061 630124
890925 315668 736697 0 537828 468484 360061 980634
293805 176210 966942 537828 0 810202 821605 903831
694083 117445 679315 468484 810202 0 556852 211158
674023 672559 89061 360061 821605 556852 0 816229
855504 921839 630124 980634 903831 211158 816229 0